\begin{Verbatim}[commandchars=\\\{\}]
step1: 0.500000
step2: 0.100000
sum1: 25.000000
sum2: 4.999998
\end{Verbatim}
